       t       y(t)       Δt        Δy     Δy/Δt
 2.00000  64.000000  0.00000  0.000000       NaN
 2.10000  70.560000  0.10000  6.560000  65.60000
 2.01000  64.641600  0.01000  0.641600  64.16000
 2.00100  64.064016  0.00100  0.064016  64.01600
 2.00010  64.006400  0.00010  0.006400  64.00160
 2.00001  64.000640  0.00001  0.000640  64.00016


       t       y(t)       Δt        Δy     Δy/Δt
 2.00000  64.000000  0.00000  0.000000       NaN
 1.90000  57.760000  0.10000  6.240000  62.40000
 1.99000  63.361600  0.01000  0.638400  63.84000
 1.99900  63.936016  0.00100  0.063984  63.98400
 1.99990  63.993600  0.00010  0.006400  63.99840
 1.99999  63.999360  0.00001  0.000640  63.99984


       t        y(t)       Δt        Δy     Δy/Δt
 3.00000  144.000000  0.00000  0.000000       NaN
 3.10000  153.760000  0.10000  9.760000  97.60000
 3.01000  144.961600  0.01000  0.961600  96.16000
 3.00100  144.096016  0.00100  0.096016  96.01600
 3.00010  144.009600  0.00010  0.009600  96.00160
 3.00001  144.000960  0.00001  0.000960  96.00016


       t        y(t)       Δt        Δy     Δy/Δt
 3.00000  144.000000  0.00000  0.000000       NaN
 2.90000  134.560000  0.10000  9.440000  94.40000
 2.99000  143.041600  0.01000  0.958400  95.84000
 2.99900  143.904016  0.00100  0.095984  95.98400
 2.99990  143.990400  0.00010  0.009600  95.99840
 2.99999  143.999040  0.00001  0.000960  95.99984
